1718691211604 1.874405860900879 0
1718691211698 1.8368372917175293 1
1718691211778 2.014482021331787 2
1718691211851 1.8612980842590332 3
1718691211925 1.7754206657409668 4
1718691212017 1.8068830966949463 5
1718691212089 1.7601218223571777 6
1718691212160 1.9054654836654663 7
1718691212233 1.9005584716796875 8
1718691212303 1.7717559337615967 9
1718691212375 1.6668391227722168 10
1718691212448 1.785773754119873 11
1718691212518 1.6537647247314453 12
1718691212593 1.72385573387146 13
1718691212665 1.7509729862213135 14
1718691212729 1.9912922382354736 15
1718691212802 1.805092453956604 16
1718691212876 1.5977386236190796 17
1718691212948 1.6674299240112305 18
1718691213022 1.8017418384552002 19
1718691213095 1.9627983570098877 20
1718691213167 1.5129790306091309 21
1718691213239 1.749455451965332 22
1718691213312 1.7335673570632935 23
1718691213383 1.6712629795074463 24
1718691213457 1.7227869033813477 25
1718691213530 1.6950349807739258 26
1718691213602 1.737151026725769 27
1718691213675 1.7242918014526367 28
1718691213748 1.6817957162857056 29
1718691213820 1.6830761432647705 30
1718691213893 1.615164041519165 31
1718691213965 1.6414704322814941 32
1718691214036 1.6765657663345337 33
1718691214108 1.6244127750396729 34
1718691214179 1.6078450679779053 35
1718691214252 1.6882109642028809 36
1718691214324 1.5770727396011353 37
1718691214395 1.7116827964782715 38
1718691214465 1.5923984050750732 39
1718691214539 1.464101791381836 40
1718691214611 1.536674976348877 41
1718691214685 1.6636569499969482 42
1718691214756 1.494860053062439 43
1718691214828 1.6679716110229492 44
1718691214900 1.7682409286499023 45
1718691214972 1.5304373502731323 46
1718691215045 1.5832257270812988 47
1718691215114 1.4607664346694946 48
1718691215186 1.5781328678131104 49
1718691215257 1.444190502166748 50
1718691215329 1.5498026609420776 51
1718691215401 1.4318556785583496 52
1718691215472 1.4946486949920654 53
1718691215542 1.4819068908691406 54
1718691215615 1.6177724599838257 55
1718691215687 1.4441087245941162 56
1718691215759 1.5779120922088623 57
1718691215834 1.439992904663086 58
1718691215906 1.5274896621704102 59
1718691215977 1.6079275608062744 60
1718691216050 1.402162790298462 61
1718691216124 1.5236139297485352 62
1718691216195 1.4477360248565674 63
1718691216266 1.5187208652496338 64
1718691216340 1.6137406826019287 65
1718691216411 1.4222073554992676 66
1718691216485 1.5063681602478027 67
1718691216557 1.4543178081512451 68
1718691216628 1.6487224102020264 69
1718691216701 1.3816739320755005 70
1718691216773 1.4558489322662354 71
1718691216844 1.4365403652191162 72
1718691216916 1.420525074005127 73
1718691216989 1.4165334701538086 74
1718691217060 1.5139825344085693 75
1718691217133 1.5288447141647339 76
1718691217203 1.553934097290039 77
1718691217275 1.5640885829925537 78
1718691217348 1.4631121158599854 79
1718691217908 1.6216914653778076 80
1718691217977 7.633882522583008 81
1718691218049 1.7819890975952148 82
1718691218121 1.2089223861694336 83
1718691218192 1.2056920528411865 84
1718691218265 1.1125767230987549 85
1718691218339 1.1656123399734497 86
1718691218409 1.0895448923110962 87
1718691218481 1.084477186203003 88
1718691218554 1.0449671745300293 89
1718691218627 1.265110731124878 90
1718691218701 1.1452033519744873 91
1718691218774 1.1044481992721558 92
1718691218845 1.20969557762146 93
1718691218918 1.0954097509384155 94
1718691218990 1.1886954307556152 95
1718691219062 1.1621251106262207 96
1718691219136 1.0720716714859009 97
1718691219210 1.0683045387268066 98
1718691219282 1.0602461099624634 99
1718691219355 1.0920133590698242 100
1718691219429 1.090462327003479 101
1718691219499 1.054254412651062 102
1718691219572 1.0866179466247559 103
1718691219644 1.2430577278137207 104
1718691219716 1.0468336343765259 105
1718691219788 1.1470797061920166 106
1718691219861 1.1731380224227905 107
1718691219934 1.1150683164596558 108
1718691220008 1.0976547002792358 109
1718691220079 1.1091256141662598 110
1718691220150 1.0914047956466675 111
1718691220223 1.0984258651733398 112
1718691220295 1.091336965560913 113
1718691220365 1.1675715446472168 114
1718691220437 1.0888636112213135 115
1718691220510 1.052184820175171 116
1718691220582 1.0809701681137085 117
1718691220655 1.1272175312042236 118
1718691220725 1.0937461853027344 119
1718691220796 1.0820896625518799 120
1718691220868 1.1002662181854248 121
1718691220940 1.099603295326233 122
1718691221012 1.0642143487930298 123
1718691221084 1.0576893091201782 124
1718691221155 1.0441378355026245 125
1718691221227 1.030655860900879 126
1718691221299 1.0741015672683716 127
1718691221369 1.064270257949829 128
1718691221438 1.115112066268921 129
1718691221509 1.086090087890625 130
1718691221580 1.049140453338623 131
1718691221649 1.1362109184265137 132
1718691221721 1.0690473318099976 133
1718691221791 1.0568767786026 134
1718691221860 1.0311707258224487 135
1718691221932 1.0649969577789307 136
1718691222003 1.13247811794281 137
1718691222073 1.0901600122451782 138
1718691222143 1.1124086380004883 139
1718691222214 1.1446982622146606 140
1718691222283 1.0996259450912476 141
1718691222355 1.0547925233840942 142
1718691222425 1.045058012008667 143
1718691222495 1.0573179721832275 144
1718691222567 1.142932653427124 145
1718691222638 1.0987516641616821 146
1718691222709 1.1217033863067627 147
1718691222781 1.1890448331832886 148
1718691222854 1.0728968381881714 149
1718691222924 1.134755253791809 150
1718691222997 1.0087919235229492 151
1718691223070 1.0570639371871948 152
1718691223144 1.1004894971847534 153
1718691223215 1.0994048118591309 154
1718691223286 1.107513427734375 155
1718691223357 1.1598790884017944 156
1718691223430 1.2162582874298096 157
1718691223502 1.1599035263061523 158
1718691223573 1.0262072086334229 159
1718691224126 1.0596908330917358 160
1718691224198 1.137857437133789 161
1718691224270 1.0796418190002441 162
1718691224349 1.041088342666626 163
1718691224421 1.1288261413574219 164
1718691224489 1.077940583229065 165
1718691224562 1.048654556274414 166
1718691224635 1.082850456237793 167
1718691224706 1.1424052715301514 168
1718691224779 1.0974178314208984 169
1718691224852 1.0474169254302979 170
1718691224922 1.0248818397521973 171
1718691224994 1.1653648614883423 172
1718691225067 1.0722200870513916 173
1718691225140 1.1112277507781982 174
1718691225213 1.0820060968399048 175
1718691225287 1.0585198402404785 176
1718691225357 1.1004263162612915 177
1718691225430 1.097336769104004 178
1718691225502 1.050645351409912 179
1718691225575 1.037436604499817 180
1718691225650 1.0291838645935059 181
1718691225724 1.056309461593628 182
1718691225793 1.1701987981796265 183
1718691225868 1.0405217409133911 184
1718691225940 1.0458914041519165 185
1718691226010 1.1286472082138062 186
1718691226083 1.0435978174209595 187
1718691226153 1.119577407836914 188
1718691226222 1.0921928882598877 189
1718691226296 1.061468482017517 190
1718691226368 1.0908514261245728 191
1718691226438 1.0614038705825806 192
1718691226510 1.1064165830612183 193
1718691226583 1.023861050605774 194
1718691226654 1.0665309429168701 195
1718691226727 1.0631552934646606 196
1718691226798 1.0804028511047363 197
1718691226868 1.1680010557174683 198
1718691226939 1.041213035583496 199
1718691227008 1.1431536674499512 200
1718691227079 1.0208206176757812 201
1718691227152 1.085689663887024 202
1718691227222 1.2166231870651245 203
1718691227292 1.0985264778137207 204
1718691227364 1.0815136432647705 205
1718691227436 1.1822733879089355 206
1718691227507 1.1004897356033325 207
1718691227579 1.1040493249893188 208
1718691227653 1.0867321491241455 209
1718691227724 1.0323894023895264 210
1718691227798 1.0480681657791138 211
1718691227871 1.0847076177597046 212
1718691227942 1.0875786542892456 213
1718691228013 1.1308741569519043 214
1718691228085 1.0290031433105469 215
1718691228157 1.1408430337905884 216
1718691228228 1.0372323989868164 217
1718691228300 1.0659291744232178 218
1718691228371 1.1321853399276733 219
1718691228443 1.2209699153900146 220
1718691228514 1.0202884674072266 221
1718691228583 1.1594923734664917 222
1718691228657 1.071746587753296 223
1718691228729 1.0703964233398438 224
1718691228801 1.0104867219924927 225
1718691228873 1.073947548866272 226
1718691228944 1.0541820526123047 227
1718691229015 1.0825926065444946 228
1718691229087 1.0861531496047974 229
1718691229157 1.062186360359192 230
1718691229227 1.081835389137268 231
1718691229300 0.9927372932434082 232
1718691229372 1.0659810304641724 233
1718691229443 1.0530788898468018 234
1718691229516 1.0872817039489746 235
1718691229587 1.0259432792663574 236
1718691229656 1.1079699993133545 237
1718691229728 1.014331579208374 238
1718691229800 1.1208910942077637 239
1718691230352 1.1145766973495483 240
1718691230425 1.1000518798828125 241
1718691230498 1.2144832611083984 242
1718691230570 1.070824146270752 243
1718691230643 0.9985759854316711 244
1718691230714 1.103727102279663 245
1718691230785 1.0183358192443848 246
1718691230858 1.1273581981658936 247
1718691230930 1.0385888814926147 248
1718691231002 1.1797727346420288 249
1718691231076 1.0854008197784424 250
1718691231147 1.0668952465057373 251
1718691231218 1.0926133394241333 252
1718691231290 1.1275101900100708 253
1718691231361 1.0561985969543457 254
1718691231432 1.0250792503356934 255
1718691231505 0.9967287182807922 256
1718691231575 1.0370100736618042 257
1718691231645 1.0314000844955444 258
1718691231717 1.0265820026397705 259
1718691231790 1.1063836812973022 260
1718691231862 1.0877974033355713 261
1718691231938 1.043930172920227 262
1718691232012 1.0784811973571777 263
1718691232085 1.0483322143554688 264
1718691232159 0.9936187267303467 265
1718691232233 1.0215957164764404 266
1718691232304 1.1310397386550903 267
1718691232375 1.0656776428222656 268
1718691232445 1.0060328245162964 269
1718691232517 1.0813417434692383 270
1718691232590 1.0477997064590454 271
1718691232660 1.0321545600891113 272
1718691232730 1.0319006443023682 273
1718691232804 1.0687367916107178 274
1718691232876 1.2005890607833862 275
1718691232947 0.9890997409820557 276
1718691233019 1.059485912322998 277
1718691233090 1.1151639223098755 278
1718691233160 1.0349230766296387 279
1718691233234 1.0423088073730469 280
1718691233306 0.9863766431808472 281
1718691233378 1.0312931537628174 282
1718691233450 1.1589603424072266 283
1718691233522 1.168952226638794 284
1718691233594 0.981847882270813 285
1718691233667 1.1965638399124146 286
1718691233739 1.0235079526901245 287
1718691233809 1.121293544769287 288
1718691233881 1.0669599771499634 289
1718691233951 1.0240074396133423 290
1718691234021 1.1409248113632202 291
1718691234091 1.0716201066970825 292
1718691234164 1.0757395029067993 293
1718691234236 1.1131888628005981 294
1718691234308 1.1165034770965576 295
1718691234379 1.0602021217346191 296
1718691234450 1.0723916292190552 297
1718691234524 1.0223246812820435 298
1718691234596 1.1177421808242798 299
1718691234665 1.0878273248672485 300
1718691234737 1.053134799003601 301
1718691234809 1.035045862197876 302
1718691234881 1.0757025480270386 303
1718691234953 1.131188154220581 304
1718691235024 1.0653133392333984 305
1718691235096 1.0953514575958252 306
1718691235170 1.0242969989776611 307
1718691235244 1.0768059492111206 308
1718691235314 1.036443829536438 309
1718691235384 0.9961626529693604 310
1718691235454 1.22704017162323 311
1718691235523 1.073756456375122 312
1718691235596 1.0074816942214966 313
1718691235668 1.1854721307754517 314
1718691235738 1.0188848972320557 315
1718691235810 1.0596061944961548 316
1718691235882 1.1369458436965942 317
1718691235953 1.0399717092514038 318
1718691236026 1.0025001764297485 319
1718691236566 1.012227177619934 320
1718691236636 1.1234647035598755 321
1718691236708 1.062396764755249 322
1718691236781 1.028559684753418 323
1718691236852 1.0551328659057617 324
1718691236924 1.0882247686386108 325
1718691236996 1.003009557723999 326
1718691237066 1.0081056356430054 327
1718691237139 1.1321223974227905 328
1718691237210 1.0470621585845947 329
1718691237281 1.0001442432403564 330
1718691237355 1.050613522529602 331
1718691237429 1.0634338855743408 332
1718691237501 1.0033360719680786 333
1718691237575 1.0260908603668213 334
1718691237649 1.1079366207122803 335
1718691237720 1.133480191230774 336
1718691237794 1.1875511407852173 337
1718691237864 1.0670599937438965 338
1718691237935 1.0216333866119385 339
1718691238008 1.0782612562179565 340
1718691238080 1.013181209564209 341
1718691238150 1.045296549797058 342
1718691238223 1.0270596742630005 343
1718691238295 0.9948775768280029 344
1718691238367 1.0678765773773193 345
1718691238439 1.0049360990524292 346
1718691238512 1.1117472648620605 347
1718691238584 1.0399054288864136 348
1718691238657 1.054002285003662 349
1718691238727 1.1386067867279053 350
1718691238797 1.084087610244751 351
1718691238869 1.0290906429290771 352
1718691238942 1.1165993213653564 353
1718691239014 1.0373631715774536 354
1718691239088 1.0696864128112793 355
1718691239160 1.067251205444336 356
1718691239232 1.0772340297698975 357
1718691239304 1.2211576700210571 358
1718691239376 1.0194780826568604 359
1718691239447 1.0467878580093384 360
1718691239522 1.0711872577667236 361
1718691239593 1.0431489944458008 362
1718691239663 1.0902657508850098 363
1718691239735 1.0483533143997192 364
1718691239808 1.1893500089645386 365
1718691239880 0.9966354370117188 366
1718691239954 1.0784821510314941 367
1718691240027 1.0820691585540771 368
1718691240098 1.0475199222564697 369
1718691240170 1.0393750667572021 370
1718691240243 1.0409445762634277 371
1718691240314 1.0479165315628052 372
1718691240387 1.1290175914764404 373
1718691240459 1.1116669178009033 374
1718691240529 1.1810145378112793 375
1718691240602 1.1429344415664673 376
1718691240674 1.1194289922714233 377
1718691240745 1.044409990310669 378
1718691240816 0.9438287615776062 379
1718691240889 1.1324737071990967 380
1718691240959 1.128469467163086 381
1718691241031 1.127975344657898 382
1718691241103 1.0179862976074219 383
1718691241171 1.0525248050689697 384
1718691241245 1.0514103174209595 385
1718691241319 1.1030445098876953 386
1718691241390 0.9918807148933411 387
1718691241462 1.0041272640228271 388
1718691241536 1.120731234550476 389
1718691241606 1.0819833278656006 390
1718691241677 1.035571575164795 391
1718691241750 1.1178772449493408 392
1718691241821 1.0517375469207764 393
1718691241894 1.0615367889404297 394
1718691241964 1.1071767807006836 395
1718691242035 1.068140983581543 396
1718691242109 1.0217167139053345 397
1718691242181 1.0323283672332764 398
1718691242253 0.9680996537208557 399
1718691242807 1.0659382343292236 400
1718691242880 0.9887135624885559 401
1718691242953 1.0621240139007568 402
1718691243026 1.130128026008606 403
1718691243098 1.0724549293518066 404
1718691243168 1.0704189538955688 405
1718691243238 1.0985738039016724 406
1718691243312 0.9702057838439941 407
1718691243382 0.9666235446929932 408
1718691243455 0.9789528846740723 409
1718691243527 1.126858115196228 410
1718691243597 1.0400984287261963 411
1718691243669 1.020983338356018 412
1718691243739 1.0670099258422852 413
1718691243809 0.983593225479126 414
1718691243880 1.1488115787506104 415
1718691243950 0.9715670943260193 416
1718691244020 1.0486748218536377 417
1718691244091 1.0100574493408203 418
1718691244162 1.2416181564331055 419
1718691244232 1.0527435541152954 420
1718691244305 1.1428236961364746 421
1718691244376 0.9777458906173706 422
1718691244447 1.0931740999221802 423
1718691244518 1.0216821432113647 424
1718691244589 1.0062588453292847 425
1718691244659 1.080804467201233 426
1718691244730 0.9776498675346375 427
1718691244802 1.035367488861084 428
1718691244875 1.1545058488845825 429
1718691244949 1.1466269493103027 430
1718691245022 1.0178889036178589 431
1718691245095 1.097548484802246 432
1718691245167 1.0545318126678467 433
1718691245241 1.001671552658081 434
1718691245312 1.1310865879058838 435
1718691245386 1.1696233749389648 436
1718691245459 1.049201488494873 437
1718691245530 1.0857641696929932 438
1718691245604 1.0348328351974487 439
1718691245675 0.9781891107559204 440
1718691245749 1.094222068786621 441
1718691245821 1.0973215103149414 442
1718691245891 1.1687031984329224 443
1718691245959 0.9829176664352417 444
1718691246032 1.0710591077804565 445
1718691246105 1.0854783058166504 446
1718691246177 1.0772879123687744 447
1718691246251 1.1362180709838867 448
1718691246324 1.1064460277557373 449
1718691246395 1.093921184539795 450
1718691246469 1.1296497583389282 451
1718691246538 0.9746742248535156 452
1718691246607 1.0627493858337402 453
1718691246680 1.0714887380599976 454
1718691246752 1.1380048990249634 455
1718691246822 1.024082899093628 456
1718691246895 1.0096368789672852 457
1718691246971 1.1664071083068848 458
1718691247044 0.9826528429985046 459
1718691247117 1.0590821504592896 460
1718691247190 1.1078933477401733 461
1718691247262 1.0097482204437256 462
1718691247332 1.0295381546020508 463
1718691247405 1.021630048751831 464
1718691247474 1.0604662895202637 465
1718691247547 1.0317409038543701 466
1718691247617 1.0286108255386353 467
1718691247685 1.0405051708221436 468
1718691247756 1.051911473274231 469
1718691247825 1.0189504623413086 470
1718691247898 1.0578135251998901 471
1718691247971 1.0212907791137695 472
1718691248044 1.0218703746795654 473
1718691248114 1.1192951202392578 474
1718691248187 1.1949543952941895 475
1718691248259 1.0959808826446533 476
1718691248329 1.0148370265960693 477
1718691248403 1.059067726135254 478
1718691248477 0.9945688843727112 479
1718691249011 1.0467441082000732 480
1718691249085 1.0634089708328247 481
1718691249157 1.093477487564087 482
1718691249227 1.081904411315918 483
1718691249298 1.080514669418335 484
1718691249371 1.0409709215164185 485
1718691249442 1.063086986541748 486
1718691249514 0.9716488122940063 487
1718691249586 1.1103113889694214 488
1718691249657 1.0647155046463013 489
1718691249730 0.9910326600074768 490
1718691249803 0.9764266014099121 491
1718691249873 1.073786735534668 492
1718691249948 1.1824839115142822 493
1718691250020 1.0136833190917969 494
1718691250090 1.0338925123214722 495
1718691250162 1.0389856100082397 496
1718691250235 1.0167571306228638 497
1718691250306 0.9789145588874817 498
1718691250377 1.1220967769622803 499
1718691250448 0.9439435601234436 500
1718691250517 0.9661679267883301 501
1718691250590 1.034770131111145 502
1718691250660 1.0374881029129028 503
1718691250728 1.2176417112350464 504
1718691250799 0.9971182942390442 505
1718691250868 0.9678937792778015 506
1718691250942 1.1089789867401123 507
1718691251014 1.1093324422836304 508
1718691251087 1.1619036197662354 509
1718691251158 0.9550831913948059 510
1718691251231 1.0723873376846313 511
1718691251303 1.0954649448394775 512
1718691251375 1.0595009326934814 513
1718691251447 0.9859120845794678 514
1718691251521 1.063568353652954 515
1718691251594 1.0343819856643677 516
1718691251668 1.0188175439834595 517
1718691251740 1.024412751197815 518
1718691251812 1.1137018203735352 519
1718691251882 1.108747124671936 520
1718691251954 1.1994400024414062 521
1718691252025 1.0409016609191895 522
1718691252097 1.1514649391174316 523
1718691252168 1.076584815979004 524
1718691252238 1.0694659948349 525
1718691252310 1.0876731872558594 526
1718691252382 1.086202621459961 527
1718691252454 1.1535377502441406 528
1718691252524 1.0808098316192627 529
1718691252596 1.1079658269882202 530
1718691252668 0.9770132899284363 531
1718691252742 1.0243394374847412 532
1718691252815 1.0380061864852905 533
1718691252886 1.0054718255996704 534
1718691252961 1.0838279724121094 535
1718691253033 1.0116053819656372 536
1718691253104 1.07270348072052 537
1718691253175 1.0197391510009766 538
1718691253247 0.9631344079971313 539
1718691253318 1.048345923423767 540
1718691253390 1.0085046291351318 541
1718691253462 1.1220167875289917 542
1718691253535 1.0596283674240112 543
1718691253608 1.0213325023651123 544
1718691253681 1.0522217750549316 545
1718691253750 1.0575746297836304 546
1718691253823 1.0350321531295776 547
1718691253895 1.2799543142318726 548
1718691253964 0.9903224110603333 549
1718691254037 0.9860318899154663 550
1718691254109 1.0988266468048096 551
1718691254180 1.0809884071350098 552
1718691254251 0.9949218034744263 553
1718691254322 1.093025803565979 554
1718691254392 1.0134150981903076 555
1718691254465 1.053193211555481 556
1718691254537 1.0918833017349243 557
1718691254608 0.9582381248474121 558
1718691254680 1.1198782920837402 559
1718691255230 1.0585533380508423 560
1718691255303 1.1234345436096191 561
1718691255375 1.0203450918197632 562
1718691255447 1.0832363367080688 563
1718691255519 0.9693347811698914 564
1718691255591 1.101100206375122 565
1718691255666 1.0697897672653198 566
1718691255736 1.1863757371902466 567
1718691255808 1.1539058685302734 568
1718691255882 1.0646140575408936 569
1718691255952 1.0079070329666138 570
1718691256025 0.9867386817932129 571
1718691256096 1.0153148174285889 572
1718691256168 1.1067506074905396 573
1718691256239 1.0054899454116821 574
1718691256325 1.0604544878005981 575
1718691256396 1.0916502475738525 576
1718691256468 1.1604982614517212 577
1718691256541 1.0385468006134033 578
1718691256613 0.995941698551178 579
1718691256684 0.9698128700256348 580
1718691256756 1.0655611753463745 581
1718691256825 1.0620543956756592 582
1718691256898 1.0516111850738525 583
1718691256971 1.0397779941558838 584
1718691257040 1.0984678268432617 585
1718691257113 1.0307027101516724 586
1718691257186 0.9962648153305054 587
1718691257255 1.0410559177398682 588
1718691257326 0.9993410706520081 589
1718691257398 0.9923191070556641 590
1718691257469 1.1555769443511963 591
1718691257541 1.0302653312683105 592
1718691257613 0.9693521857261658 593
1718691257684 1.0158610343933105 594
1718691257758 1.1732197999954224 595
1718691257830 1.156287670135498 596
1718691257901 1.0626654624938965 597
1718691257974 1.090649127960205 598
1718691258046 0.9984949231147766 599
1718691258116 1.095094919204712 600
1718691258187 0.9521862864494324 601
1718691258257 1.0471428632736206 602
1718691258329 1.0638713836669922 603
1718691258404 1.0030475854873657 604
1718691258478 1.056333065032959 605
1718691258549 1.041678786277771 606
1718691258622 0.9849753379821777 607
1718691258694 1.0547082424163818 608
1718691258764 0.9889254570007324 609
1718691258836 1.0312283039093018 610
1718691258908 1.0511659383773804 611
1718691258979 1.146742820739746 612
1718691259051 0.9838156700134277 613
1718691259123 0.977605402469635 614
1718691259192 1.123642921447754 615
1718691259265 1.0128042697906494 616
1718691259337 1.0752719640731812 617
1718691259408 0.9850825667381287 618
1718691259480 1.2160403728485107 619
1718691259553 1.2262686491012573 620
1718691259623 1.135731816291809 621
1718691259695 1.1419458389282227 622
1718691259768 1.1231248378753662 623
1718691259839 1.0508760213851929 624
1718691259912 0.9841716885566711 625
1718691259983 1.0030031204223633 626
1718691260054 1.0661873817443848 627
1718691260124 0.9737625122070312 628
1718691260197 1.0684014558792114 629
1718691260268 1.0736100673675537 630
1718691260341 1.1235910654067993 631
1718691260412 1.0564100742340088 632
1718691260483 1.093845009803772 633
1718691260556 0.9975584745407104 634
1718691260626 1.001423716545105 635
1718691260697 1.0599502325057983 636
1718691260769 0.9644805788993835 637
1718691260843 1.0195671319961548 638
1718691260916 1.0340173244476318 639
1718691261476 1.0678049325942993 640
1718691261549 1.0298902988433838 641
1718691261621 1.0713965892791748 642
1718691261693 1.2609539031982422 643
1718691261765 1.041160225868225 644
1718691261836 0.9513264298439026 645
1718691261908 1.011022686958313 646
1718691261980 1.0864869356155396 647
1718691262049 1.1607905626296997 648
1718691262122 1.0448830127716064 649
1718691262195 1.0540518760681152 650
1718691262265 1.0184146165847778 651
1718691262338 1.0971744060516357 652
1718691262410 1.1171984672546387 653
1718691262479 1.0111150741577148 654
1718691262551 1.072127342224121 655
1718691262623 1.0824103355407715 656
1718691262694 1.026443600654602 657
1718691262766 1.0491337776184082 658
1718691262838 1.0733463764190674 659
1718691262909 1.0092599391937256 660
1718691262982 1.0856550931930542 661
1718691263055 1.0586315393447876 662
1718691263125 0.991450309753418 663
1718691263198 0.9775881767272949 664
1718691263270 1.0823390483856201 665
1718691263340 1.0050560235977173 666
1718691263411 1.0169042348861694 667
1718691263481 1.1070294380187988 668
1718691263553 1.0384747982025146 669
1718691263628 1.0227673053741455 670
1718691263701 1.111086130142212 671
1718691263772 1.0758010149002075 672
1718691263844 1.0210691690444946 673
1718691263915 0.9583275318145752 674
1718691263986 1.0335252285003662 675
1718691264058 1.0117758512496948 676
1718691264130 1.0466053485870361 677
1718691264201 0.988494873046875 678
1718691264273 1.1210212707519531 679
1718691264345 1.0693598985671997 680
1718691264415 1.1970648765563965 681
1718691264487 1.0297355651855469 682
1718691264560 0.9993422627449036 683
1718691264630 1.0375547409057617 684
1718691264703 0.9520749449729919 685
1718691264775 1.0209344625473022 686
1718691264845 1.071768045425415 687
1718691264918 0.9895910024642944 688
1718691264991 0.9760820269584656 689
1718691265062 1.0679985284805298 690
1718691265135 1.1291972398757935 691
1718691265206 0.9850286245346069 692
1718691265277 0.991936445236206 693
1718691265347 1.0196658372879028 694
1718691265421 1.0138988494873047 695
1718691265492 1.0239756107330322 696
1718691265565 1.0566189289093018 697
1718691265636 1.0448684692382812 698
1718691265707 1.0541846752166748 699
1718691265780 1.057705283164978 700
1718691265850 0.9862532019615173 701
1718691265921 1.1069111824035645 702
1718691265994 1.0101006031036377 703
1718691266067 1.0258874893188477 704
1718691266140 1.0216634273529053 705
1718691266212 1.1271175146102905 706
1718691266286 1.074712872505188 707
1718691266358 1.0620172023773193 708
1718691266429 1.0671889781951904 709
1718691266502 0.982535719871521 710
1718691266574 1.166379451751709 711
1718691266647 1.1340208053588867 712
1718691266720 1.0340508222579956 713
1718691266789 1.0699093341827393 714
1718691266863 1.1726194620132446 715
1718691266934 1.1172077655792236 716
1718691267003 1.1095075607299805 717
1718691267076 1.0741233825683594 718
1718691267148 1.0411913394927979 719
1718691267703 1.0223513841629028 720
1718691267776 1.109106421470642 721
1718691267849 0.9403243064880371 722
1718691267919 1.0457046031951904 723
1718691267992 1.0909574031829834 724
1718691268064 1.0040651559829712 725
1718691268135 1.0496783256530762 726
1718691268209 1.0775121450424194 727
1718691268280 1.0041136741638184 728
1718691268352 1.0347199440002441 729
1718691268426 1.0545899868011475 730
1718691268500 0.9411797523498535 731
1718691268571 1.0094939470291138 732
1718691268645 1.007157325744629 733
1718691268718 1.1441655158996582 734
1718691268788 1.1297346353530884 735
1718691268860 1.0646482706069946 736
1718691268931 1.031252384185791 737
1718691269002 0.9795094728469849 738
1718691269075 1.0539227724075317 739
1718691269148 1.1157162189483643 740
1718691269221 1.1683064699172974 741
1718691269297 1.0349628925323486 742
1718691269371 1.037127137184143 743
1718691269443 0.9944864511489868 744
1718691269517 0.9337065815925598 745
1718691269591 1.0473746061325073 746
1718691269660 1.0414477586746216 747
1718691269733 1.0349162817001343 748
1718691269803 1.0363479852676392 749
1718691269876 1.1450448036193848 750
1718691269949 0.949494481086731 751
1718691270021 1.07469642162323 752
1718691270092 1.1517255306243896 753
1718691270164 1.1892609596252441 754
1718691270237 0.9698289632797241 755
1718691270308 1.0154098272323608 756
1718691270380 1.206127643585205 757
1718691270452 0.9960616827011108 758
1718691270524 0.9959551095962524 759
1718691270596 1.0506411790847778 760
1718691270667 0.9812318086624146 761
1718691270737 1.0267307758331299 762
1718691270808 1.0467725992202759 763
1718691270880 1.1019799709320068 764
1718691270952 1.1500356197357178 765
1718691271023 1.0752394199371338 766
1718691271094 1.0969948768615723 767
1718691271166 1.0845868587493896 768
1718691271240 1.0010130405426025 769
1718691271312 0.9843093156814575 770
1718691271382 1.1521706581115723 771
1718691271454 0.9930692911148071 772
1718691271525 0.9995948672294617 773
1718691271593 1.073944091796875 774
1718691271666 1.0631355047225952 775
1718691271740 1.0694066286087036 776
1718691271812 1.1376688480377197 777
1718691271886 1.1307241916656494 778
1718691271958 0.930436909198761 779
1718691272030 0.9761873483657837 780
1718691272104 1.0286865234375 781
1718691272175 1.0822179317474365 782
1718691272247 1.0931870937347412 783
1718691272320 1.082505702972412 784
1718691272393 0.9540038704872131 785
1718691272464 1.135375738143921 786
1718691272537 1.0750302076339722 787
1718691272609 1.0432006120681763 788
1718691272680 1.0127227306365967 789
1718691272753 1.0404316186904907 790
1718691272825 1.1360070705413818 791
1718691272897 1.0675426721572876 792
1718691272970 1.0542614459991455 793
1718691273041 1.09110426902771 794
1718691273112 1.0635896921157837 795
1718691273186 1.124131679534912 796
1718691273258 1.0034371614456177 797
1718691273328 1.0131406784057617 798
1718691273402 0.9431502819061279 799
