1718691175610 2.204349994659424 0
1718691175733 2.18111515045166 1
1718691175810 2.0806527137756348 2
1718691175883 2.210035800933838 3
1718691175958 2.0866901874542236 4
1718691176037 2.1087582111358643 5
1718691176114 1.96404230594635 6
1718691176188 2.0481081008911133 7
1718691176261 2.116706371307373 8
1718691176332 1.9946553707122803 9
1718691176410 2.0839569568634033 10
1718691176488 2.009190082550049 11
1718691176560 1.9350008964538574 12
1718691176634 2.090939521789551 13
1718691176708 2.009204387664795 14
1718691176781 2.0481529235839844 15
1718691176857 2.062103748321533 16
1718691176933 1.9273295402526855 17
1718691177009 1.829432725906372 18
1718691177083 1.914078712463379 19
1718691177159 1.8152503967285156 20
1718691177234 2.0383923053741455 21
1718691177311 2.1204311847686768 22
1718691177387 1.8891680240631104 23
1718691177459 1.9690747261047363 24
1718691177532 1.911285638809204 25
1718691177604 2.0144777297973633 26
1718691177674 1.8679618835449219 27
1718691177747 1.7128101587295532 28
1718691177819 1.7511789798736572 29
1718691177890 1.9925529956817627 30
1718691177964 1.733031988143921 31
1718691178037 1.8295471668243408 32
1718691178108 1.8835422992706299 33
1718691178182 1.9057652950286865 34
1718691178254 1.9297678470611572 35
1718691178332 1.855135202407837 36
1718691178408 1.864475965499878 37
1718691178484 1.8153001070022583 38
1718691178556 1.864206075668335 39
1718691178627 1.6449624300003052 40
1718691178699 1.8235796689987183 41
1718691178773 1.770301342010498 42
1718691178849 1.7042100429534912 43
1718691178923 1.7017748355865479 44
1718691178995 1.8514412641525269 45
1718691179068 1.7546679973602295 46
1718691179142 1.8567097187042236 47
1718691179213 1.6741905212402344 48
1718691179285 1.7714017629623413 49
1718691179358 1.9585394859313965 50
1718691179430 1.8031835556030273 51
1718691179503 1.7797856330871582 52
1718691179575 1.7411322593688965 53
1718691179646 1.7449809312820435 54
1718691179718 1.5851975679397583 55
1718691179791 1.7965543270111084 56
1718691179864 1.724672794342041 57
1718691179938 1.7335394620895386 58
1718691180014 1.6711660623550415 59
1718691180086 1.6253710985183716 60
1718691180159 1.67750883102417 61
1718691180234 1.6611182689666748 62
1718691180305 1.5478644371032715 63
1718691180377 1.7417781352996826 64
1718691180453 1.6381229162216187 65
1718691180526 1.821885585784912 66
1718691180606 1.5789122581481934 67
1718691180680 1.6189091205596924 68
1718691180751 1.7148544788360596 69
1718691180824 1.5704059600830078 70
1718691180896 1.524472713470459 71
1718691180967 1.6066758632659912 72
1718691181041 1.5373826026916504 73
1718691181113 1.6419851779937744 74
1718691181189 1.504282832145691 75
1718691181263 1.5308910608291626 76
1718691181336 1.8002201318740845 77
1718691181410 1.6996641159057617 78
1718691181486 1.6884899139404297 79
1718691182100 1.7415459156036377 80
1718691182179 1.3974636793136597 81
1718691182256 1.3436857461929321 82
1718691182327 1.332241415977478 83
1718691182405 1.2835543155670166 84
1718691182484 1.221178650856018 85
1718691182568 1.149054765701294 86
1718691182649 1.111119031906128 87
1718691182730 1.1098334789276123 88
1718691182805 1.1268867254257202 89
1718691182883 1.1441539525985718 90
1718691182956 1.2230359315872192 91
1718691183030 1.1357614994049072 92
1718691183100 1.075481653213501 93
1718691183175 1.140002965927124 94
1718691183247 1.1707731485366821 95
1718691183326 1.1542083024978638 96
1718691183407 1.0474767684936523 97
1718691183489 1.0965107679367065 98
1718691183561 1.1178081035614014 99
1718691183638 1.0661672353744507 100
1718691183713 1.0673890113830566 101
1718691183784 1.0480213165283203 102
1718691183861 1.096897840499878 103
1718691183938 1.1411365270614624 104
1718691184017 1.1065315008163452 105
1718691184099 1.0714232921600342 106
1718691184178 1.1247076988220215 107
1718691184254 1.0796587467193604 108
1718691184333 1.069494605064392 109
1718691184408 1.0971332788467407 110
1718691184479 1.0759893655776978 111
1718691184552 1.0882680416107178 112
1718691184626 1.1022274494171143 113
1718691184698 1.0461840629577637 114
1718691184776 1.1338318586349487 115
1718691184852 1.080702781677246 116
1718691184926 1.0951181650161743 117
1718691185001 1.0736231803894043 118
1718691185076 1.164103388786316 119
1718691185151 1.0398823022842407 120
1718691185226 1.0841147899627686 121
1718691185300 1.1634719371795654 122
1718691185376 1.1004770994186401 123
1718691185451 1.0423353910446167 124
1718691185524 1.1765867471694946 125
1718691185597 1.0765166282653809 126
1718691185670 1.168614149093628 127
1718691185743 1.1275253295898438 128
1718691185818 1.127683401107788 129
1718691185890 1.1952276229858398 130
1718691185963 1.0704301595687866 131
1718691186037 1.0805985927581787 132
1718691186111 1.0568827390670776 133
1718691186186 1.1003223657608032 134
1718691186259 1.0909295082092285 135
1718691186333 1.0664995908737183 136
1718691186410 1.1483325958251953 137
1718691186483 1.1296977996826172 138
1718691186556 1.1146483421325684 139
1718691186632 1.0772854089736938 140
1718691186707 1.0681244134902954 141
1718691186781 1.0286186933517456 142
1718691186855 1.118076205253601 143
1718691186931 1.096238374710083 144
1718691187004 1.0561304092407227 145
1718691187078 1.1497504711151123 146
1718691187152 1.0284249782562256 147
1718691187227 1.1545116901397705 148
1718691187306 1.0523933172225952 149
1718691187379 1.10371994972229 150
1718691187454 1.1064881086349487 151
1718691187528 1.122841477394104 152
1718691187602 1.1369892358779907 153
1718691187678 1.0849168300628662 154
1718691187754 1.0095150470733643 155
1718691187828 1.0951933860778809 156
1718691187903 1.096339225769043 157
1718691187978 1.0446817874908447 158
1718691188050 1.0813606977462769 159
1718691188612 1.061039686203003 160
1718691188688 1.171142578125 161
1718691188761 1.120147943496704 162
1718691188834 1.0229096412658691 163
1718691188907 1.0924835205078125 164
1718691188983 1.119814157485962 165
1718691189063 1.0920568704605103 166
1718691189135 1.0648049116134644 167
1718691189205 1.024592638015747 168
1718691189280 1.0686999559402466 169
1718691189354 1.0344489812850952 170
1718691189426 1.080461025238037 171
1718691189506 1.097960352897644 172
1718691189583 1.0844062566757202 173
1718691189660 1.1705976724624634 174
1718691189735 1.1669209003448486 175
1718691189816 1.1199476718902588 176
1718691189891 1.139341950416565 177
1718691189967 1.0399738550186157 178
1718691190044 1.1776776313781738 179
1718691190119 1.0315279960632324 180
1718691190197 1.043795108795166 181
1718691190274 1.0702102184295654 182
1718691190348 1.0474112033843994 183
1718691190431 1.07037353515625 184
1718691190510 1.0226085186004639 185
1718691190584 1.0562206506729126 186
1718691190660 1.0465303659439087 187
1718691190734 1.0408023595809937 188
1718691190809 1.0712878704071045 189
1718691190884 1.068661093711853 190
1718691190963 1.126759648323059 191
1718691191037 1.0425963401794434 192
1718691191113 1.0233265161514282 193
1718691191189 1.070217251777649 194
1718691191265 1.1619704961776733 195
1718691191342 1.0466537475585938 196
1718691191416 1.13127863407135 197
1718691191490 1.0480376482009888 198
1718691191566 1.06818687915802 199
1718691191643 1.0052191019058228 200
1718691191719 1.0282231569290161 201
1718691191798 1.0913386344909668 202
1718691191873 1.150378942489624 203
1718691191945 1.0353779792785645 204
1718691192024 1.0583014488220215 205
1718691192104 1.1272367238998413 206
1718691192178 1.0709474086761475 207
1718691192254 1.0361179113388062 208
1718691192339 1.176225185394287 209
1718691192418 1.0459859371185303 210
1718691192494 1.0339248180389404 211
1718691192573 1.190828561782837 212
1718691192648 1.0691591501235962 213
1718691192722 1.1259077787399292 214
1718691192797 1.051623821258545 215
1718691192874 1.0048410892486572 216
1718691192949 1.1013504266738892 217
1718691193023 0.9953660368919373 218
1718691193095 1.039086103439331 219
1718691193167 1.1229755878448486 220
1718691193240 1.1408195495605469 221
1718691193312 1.0568218231201172 222
1718691193391 1.0271990299224854 223
1718691193466 1.0413457155227661 224
1718691193540 1.06350576877594 225
1718691193615 0.9929319620132446 226
1718691193693 1.2068787813186646 227
1718691193766 1.0619045495986938 228
1718691193843 1.1189240217208862 229
1718691193918 1.122172236442566 230
1718691193991 1.2108275890350342 231
1718691194068 1.0557568073272705 232
1718691194144 1.0625954866409302 233
1718691194220 1.024426817893982 234
1718691194295 1.1819431781768799 235
1718691194375 1.1799943447113037 236
1718691194452 1.0555349588394165 237
1718691194529 1.075087547302246 238
1718691194608 1.1060712337493896 239
1718691195156 1.1323020458221436 240
1718691195230 1.0688741207122803 241
1718691195308 1.0509092807769775 242
1718691195382 1.1860978603363037 243
1718691195456 1.0790668725967407 244
1718691195530 1.0297629833221436 245
1718691195604 1.1342867612838745 246
1718691195680 1.0716164112091064 247
1718691195755 1.1732993125915527 248
1718691195829 1.070610761642456 249
1718691195908 1.075028896331787 250
1718691195980 1.0628072023391724 251
1718691196054 1.081284523010254 252
1718691196126 1.0599366426467896 253
1718691196205 1.0580624341964722 254
1718691196278 1.1359150409698486 255
1718691196353 1.1483056545257568 256
1718691196426 1.1120960712432861 257
1718691196499 1.0804688930511475 258
1718691196572 1.0243066549301147 259
1718691196647 1.1414475440979004 260
1718691196719 1.0692098140716553 261
1718691196797 1.0934560298919678 262
1718691196874 1.0167057514190674 263
1718691196951 0.9898947477340698 264
1718691197030 0.972801685333252 265
1718691197105 1.0870461463928223 266
1718691197180 1.1002947092056274 267
1718691197256 1.034890055656433 268
1718691197332 1.0562858581542969 269
1718691197408 1.0527862310409546 270
1718691197485 1.0799949169158936 271
1718691197559 1.0488569736480713 272
1718691197634 1.015348196029663 273
1718691197714 1.0288114547729492 274
1718691197794 1.0463546514511108 275
1718691197869 0.9817154407501221 276
1718691197943 1.2211799621582031 277
